-3.94432
-3.52528
-3.57513
-4.04873
-3.58781
-3.96131
-3.96125
-3.57715
-4.06106
-3.95911
-3.57405
-3.97921
-4.06557
-3.53627
-3.95297
-4.0586
-4.05327
-4.06193
-3.96676
-3.58381
-3.94854
-4.05172
-4.06232
-3.953
-3.95638
-3.61654
-4.05238
-3.61208
-3.57282
-4.05027
-3.97485
-4.04874
-3.55373
-3.9608
-4.07012
-3.95689
-3.57463
-3.5654
-4.05388
-3.94237
-3.94523
-3.62482
-3.94827
-3.56994
-4.05794
-4.05261
-3.93759
-3.56688
-4.05401
-3.95356
-3.94456
-3.95379
-4.05258
-4.05947
-4.05121
-3.95203
-3.5825
-3.94553
-3.57602
-4.06137
-4.05469
-4.0548
-3.94953
-3.57056
-3.95116
-4.06957
-3.5593
-3.94913
-4.05776
-3.54214
-3.96732
-3.54253
-3.96403
-3.57231
-4.0588
-3.58567
-4.0591
-3.59901
-3.57805
-3.94331
-3.96211
-4.05754
-3.9495
-3.63146
-3.95335
-4.05642
-3.95282
-4.06184
-4.04849
-3.5718
-3.56709
-3.95854
-4.0499
-4.03829
-3.57786
-4.03676
-3.55593
-3.61553
-4.03879
-3.96539
-4.06374
-3.56903
-3.95893
-3.97525
-4.05525
-3.51546
-3.92731
-4.05926
-3.54407
-4.05197
-4.05672
-3.96415
-3.96243
-3.55581
-3.57892
-3.9374
-4.05804
-3.56609
-3.57577
-3.59591
