-9.083993732929229736e-03 8.196370601654052734e-01
-1.085528731346130371e-02 -1.762608289718627930e+00
1.608301848173141479e-01 1.678144454956054688e+00
4.084756225347518921e-02 2.630780935287475586e-01
-1.716082245111465454e-01 -5.274545550346374512e-01
-3.441594541072845459e-02 1.157677769660949707e-01
4.253531247377395630e-02 -4.215175211429595947e-01
5.390118062496185303e-02 -1.555929034948348999e-01
5.587993562221527100e-02 2.376348257064819336e+00
7.181390374898910522e-02 -7.430240511894226074e-01
7.144188880920410156e-02 2.080841302871704102e+00
-1.896872073411941528e-01 -1.848823904991149902e+00
4.086531698703765869e-04 1.513102412223815918e+00
9.826075285673141479e-03 1.746087551116943359e+00
-1.438759267330169678e-02 2.467602968215942383e+00
-2.505677342414855957e-01 -2.085980415344238281e+00
-4.574741795659065247e-02 1.922407448291778564e-01
-3.340622410178184509e-02 -1.841800846159458160e-02
-7.232616096735000610e-02 -1.725249648094177246e+00
1.800702959299087524e-01 -3.739190399646759033e-01
5.872429162263870239e-02 6.081498265266418457e-01
3.394154459238052368e-02 1.306975930929183960e-01
1.575763970613479614e-01 -5.078376457095146179e-02
1.066272705793380737e-01 -3.908672332763671875e-01
-3.223801031708717346e-03 -2.925396263599395752e-01
-4.780851304531097412e-03 2.424919128417968750e+00
1.277119200676679611e-02 -4.358673095703125000e-01
2.400225400924682617e-01 3.703814744949340820e+00
-1.917918026447296143e-01 -2.747033596038818359e+00
2.652497589588165283e-02 -1.468265771865844727e+00
-3.533212840557098389e-02 -1.544500112533569336e+00
-5.530804395675659180e-03 2.019407987594604492e+00
2.322109788656234741e-01 5.158190250396728516e+00
5.949348583817481995e-02 -1.583632469177246094e+00
-1.721692681312561035e-01 -2.667665243148803711e+00
8.943901956081390381e-02 1.251389384269714355e+00
6.923723220825195312e-02 1.458984851837158203e+00
1.791108399629592896e-01 1.762250304222106934e+00
-2.494014799594879150e-02 -2.395730972290039062e+00
1.199612542986869812e-01 2.291625261306762695e+00
-7.034012675285339355e-02 7.263735532760620117e-01
-7.993604242801666260e-02 -2.631528615951538086e+00
1.155471727252006531e-01 7.394973635673522949e-01
-2.547799050807952881e-02 -7.103813290596008301e-01
-1.740233153104782104e-01 -4.279586300253868103e-02
4.627408459782600403e-02 2.022128105163574219e+00
1.101367026567459106e-01 -4.985424578189849854e-01
8.605941385030746460e-02 9.371140599250793457e-01
4.215626046061515808e-02 6.238278150558471680e-01
-1.192931830883026123e-02 1.583016276359558105e+00
-6.805254518985748291e-02 -4.033078849315643311e-01
1.312185078859329224e-02 -8.524736762046813965e-01
1.707980781793594360e-01 5.226131081581115723e-01
-2.933053299784660339e-02 -5.847392082214355469e-01
4.573527723550796509e-02 9.491796493530273438e-01
4.057514667510986328e-02 -2.133049517869949341e-01
-9.342640638351440430e-03 1.672567725181579590e-01
1.183218732476234436e-01 4.818506538867950439e-01
1.081744581460952759e-01 8.611797690391540527e-01
7.597720623016357422e-02 -4.554471671581268311e-01
-1.012610793113708496e-01 -1.752787828445434570e+00
-1.155625656247138977e-01 -1.577985644340515137e+00
-2.620339393615722656e-03 8.105814456939697266e-01
-1.471881568431854248e-01 -2.393553495407104492e+00
-5.779489502310752869e-02 -1.087797164916992188e+00
-1.461108475923538208e-01 -1.605936288833618164e+00
-5.749760195612907410e-02 -4.948336184024810791e-01
-1.965809613466262817e-02 1.991979777812957764e-02
-4.488456994295120239e-02 -9.727397561073303223e-01
-7.649979740381240845e-02 -9.710508584976196289e-01
5.597141385078430176e-02 2.220373868942260742e+00
8.492118865251541138e-02 -1.415335893630981445e+00
-1.465838104486465454e-01 -1.832565546035766602e+00
3.804768621921539307e-02 -1.058387637138366699e+00
-2.289790213108062744e-01 -2.275986433029174805e+00
-9.760539233684539795e-02 6.510084271430969238e-01
1.115612685680389404e-01 2.535109043121337891e+00
-4.564848169684410095e-02 1.176919698715209961e+00
-1.000743284821510315e-01 2.430788427591323853e-01
-5.198559165000915527e-02 -6.237011551856994629e-01
1.026677638292312622e-01 -4.430889487266540527e-01
1.172156557440757751e-01 6.635720133781433105e-01
1.815393939614295959e-02 -2.672160863876342773e-01
1.232566386461257935e-01 -4.502836465835571289e-01
1.855737268924713135e-01 -1.195338726043701172e+00
-9.209610521793365479e-03 7.594307661056518555e-01
-2.951181121170520782e-02 -8.732281923294067383e-01
-2.211565226316452026e-01 -5.780061483383178711e-01
4.158671945333480835e-02 -9.516205638647079468e-02
-2.361905425786972046e-01 -4.472440481185913086e-01
-3.581611067056655884e-02 1.184158444404602051e+00
1.878529787063598633e-02 1.523720026016235352e+00
-8.650133758783340454e-02 -2.180965423583984375e+00
-9.839436411857604980e-02 1.249336481094360352e+00
8.846811950206756592e-02 1.240720033645629883e+00
3.989990800619125366e-02 2.043053865432739258e+00
1.155766099691390991e-01 3.034308254718780518e-01
6.626307964324951172e-02 -4.631492197513580322e-01
1.035606786608695984e-01 -1.253850579261779785e+00
2.621805295348167419e-02 -9.073430299758911133e-01
3.187489509582519531e-02 -2.722160518169403076e-01
-4.981487989425659180e-03 1.598076939582824707e+00
8.637834340333938599e-03 1.417659878730773926e+00
-1.777387112379074097e-01 -1.601193547248840332e+00
-1.471417248249053955e-01 -1.071930170059204102e+00
4.104145243763923645e-02 4.442985951900482178e-01
-8.871136605739593506e-02 1.097750425338745117e+00
2.522972598671913147e-02 -1.160297036170959473e+00
-3.258953988552093506e-02 1.157914519309997559e+00
6.251373887062072754e-02 -7.531448006629943848e-01
-1.289947330951690674e-02 -4.843939840793609619e-01
-1.174801588058471680e-02 -9.284204840660095215e-01
1.514013111591339111e-02 2.159323215484619141e+00
-1.369925960898399353e-02 -9.729191064834594727e-01
2.595923468470573425e-02 1.153392046689987183e-01
-1.255010366439819336e-01 -9.063975811004638672e-01
1.723250001668930054e-01 2.555816411972045898e+00
1.118891015648841858e-01 1.745815277099609375e+00
-1.913403272628784180e-01 -3.813146650791168213e-01
-1.433686167001724243e-01 -1.081168726086616516e-01
-3.492890298366546631e-02 9.761445522308349609e-01
3.564937040209770203e-02 -3.071922063827514648e-01
4.553300514817237854e-02 -1.589463829994201660e+00
-1.513271033763885498e-02 -2.741261959075927734e+00
-4.344840347766876221e-02 -2.055791139602661133e+00
1.132007837295532227e-01 -1.067736148834228516e+00
8.644360303878784180e-02 4.757446944713592529e-01
1.534229516983032227e-01 5.234969854354858398e-01
7.361585646867752075e-02 1.201236605644226074e+00
2.254600077867507935e-02 -1.763888359069824219e+00
-2.191449701786041260e-01 -6.262729763984680176e-01
1.228383928537368774e-02 1.703457832336425781e+00
3.211253881454467773e-02 1.953462958335876465e+00
-9.242072701454162598e-02 7.958891987800598145e-02
-1.390292495489120483e-01 -1.085842013359069824e+00
-7.145503163337707520e-02 -1.756594181060791016e+00
6.396881490945816040e-02 -3.500012755393981934e-01
1.423898153007030487e-02 -1.724759787321090698e-01
-1.641258224844932556e-02 2.586096227169036865e-01
1.063285022974014282e-01 -7.483815550804138184e-01
1.238062381744384766e-01 -1.050343275070190430e+00
-8.337287604808807373e-02 -1.265164732933044434e+00
-9.304745495319366455e-02 1.136250868439674377e-01
1.069328188896179199e-01 1.999972581863403320e+00
8.131957799196243286e-02 1.954117557033896446e-03
1.809975504875183105e-02 1.530536293983459473e+00
-4.863356053829193115e-02 -1.189985722303390503e-01
8.286112546920776367e-02 2.025709152221679688e+00
-5.876873806118965149e-02 5.327348709106445312e-01
4.072299227118492126e-02 1.309625625610351562e+00
-1.656794846057891846e-01 -1.522628307342529297e+00
-6.696664541959762573e-02 -2.786919593811035156e+00
-8.213682472705841064e-02 2.390421390533447266e+00
-8.880734443664550781e-02 1.399851799011230469e+00
2.947255969047546387e-02 -3.502120018005371094e+00
-1.707727462053298950e-01 -8.970213532447814941e-01
-8.696265518665313721e-03 -1.248893737792968750e+00
4.290941357612609863e-02 2.302563905715942383e+00
1.499239504337310791e-01 3.024920225143432617e+00
-1.537865214049816132e-02 -6.632635593414306641e-01
4.170140624046325684e-02 -1.386189937591552734e+00
3.468096256256103516e-03 -2.200061082839965820e+00
-1.549163460731506348e-02 1.179505586624145508e+00
1.139175221323966980e-01 5.244365334510803223e-01
2.496420741081237793e-01 1.173783898353576660e+00
8.132183551788330078e-02 -5.137997865676879883e-02
-2.371105551719665527e-01 -1.311076998710632324e+00
-6.217874586582183838e-02 -1.799166679382324219e+00
3.594115376472473145e-03 -1.990309953689575195e+00
1.100168153643608093e-01 1.785847187042236328e+00
5.085080862045288086e-02 2.055526256561279297e+00
1.201344504952430725e-01 -2.435034960508346558e-01
-1.294199004769325256e-02 1.205020785331726074e+00
-2.062651515007019043e-01 -1.059519767761230469e+00
-6.798986345529556274e-03 1.266418546438217163e-01
-4.379663616418838501e-03 -1.266012668609619141e+00
-8.494055271148681641e-02 -4.755575954914093018e-01
-1.719137877225875854e-01 -9.457584023475646973e-01
2.953620254993438721e-02 1.374695301055908203e+00
-5.852941423654556274e-02 -8.335987925529479980e-01
1.124288886785507202e-02 -9.676763415336608887e-01
1.032968834042549133e-01 -7.200146913528442383e-01
4.803796112537384033e-02 8.985676765441894531e-01
7.247371971607208252e-02 7.380103468894958496e-01
3.734346330165863037e-01 1.513675451278686523e+00
9.126015007495880127e-02 -1.869043350219726562e+00
4.356611520051956177e-03 1.286537647247314453e-01
-4.017427563667297363e-02 2.057719469070434570e+00
-1.443550735712051392e-02 1.072023510932922363e+00
1.965889036655426025e-01 2.565885543823242188e+00
-1.529856175184249878e-01 -2.662966966629028320e+00
3.332573175430297852e-02 -7.062752246856689453e-01
-1.278020069003105164e-02 -1.743803918361663818e-01
-3.215356171131134033e-02 1.098496913909912109e+00
5.280558764934539795e-02 3.492631196975708008e+00
1.895002089440822601e-02 -4.458319023251533508e-02
-1.801569610834121704e-01 -3.222178220748901367e+00
1.155821904540061951e-01 8.887971639633178711e-01
-5.032537877559661865e-02 5.122543573379516602e-01
7.530173286795616150e-03 -3.382424265146255493e-02
-2.090242505073547363e-02 -3.398359298706054688e+00
5.452886223793029785e-02 1.261651635169982910e+00
-2.219179868698120117e-01 1.063371822237968445e-02
-8.425664901733398438e-02 -3.323570013046264648e+00
1.180060133337974548e-01 -1.405682414770126343e-02
1.559326425194740295e-02 9.655958414077758789e-01
-9.727838635444641113e-02 -4.659792482852935791e-01
-3.957943618297576904e-02 -2.498874813318252563e-01
2.858293615281581879e-02 -9.550244808197021484e-01
7.518368959426879883e-02 1.667420625686645508e+00
-2.301226183772087097e-02 7.238574624061584473e-01
-4.547581449151039124e-02 8.791317790746688843e-02
-9.660948067903518677e-02 2.334702014923095703e-01
-4.790566116571426392e-02 -4.702004790306091309e-01
1.211404055356979370e-01 -6.701994687318801880e-02
3.265725821256637573e-02 -4.657798632979393005e-02
-3.585673868656158447e-02 9.094843864440917969e-01
7.086240500211715698e-02 9.944014251232147217e-02
-3.030463308095932007e-02 8.593528270721435547e-01
1.773560047149658203e-01 4.432066679000854492e-01
-1.630827784538269043e-02 4.322014451026916504e-01
2.760307490825653076e-02 -9.372284412384033203e-01
-7.182776182889938354e-02 -3.130798339843750000e-01
-8.496269583702087402e-02 -1.036533951759338379e+00
6.506584584712982178e-02 5.042415261268615723e-01
-7.654868811368942261e-02 4.989206418395042419e-02
5.044192820787429810e-02 1.386280536651611328e+00
4.784905910491943359e-02 1.229203462600708008e+00
5.464744940400123596e-02 5.562358498573303223e-01
-8.993191644549369812e-03 -1.803361475467681885e-01
7.456855475902557373e-02 2.974457740783691406e-01
-2.467632293701171875e-03 -1.067930936813354492e+00
5.933621898293495178e-02 8.352248072624206543e-01
6.749556958675384521e-02 -3.136547207832336426e-01
-1.102785170078277588e-01 -2.607042789459228516e+00
3.764820098876953125e-02 -3.709456920623779297e-01
-1.719501912593841553e-01 -2.586971044540405273e+00
-8.331982791423797607e-02 4.109914302825927734e-01
5.428156256675720215e-02 2.543725013732910156e+00
-1.173229813575744629e-01 1.372356772422790527e+00
-2.066984921693801880e-01 -1.287398338317871094e+00
3.590946644544601440e-02 -1.958586335182189941e+00
8.402607589960098267e-02 -4.155308902263641357e-01
2.977221831679344177e-02 2.699904143810272217e-01
4.612785577774047852e-02 -7.517597675323486328e-01
4.477608948945999146e-02 -8.787585496902465820e-01
1.724141091108322144e-01 -1.763368606567382812e+00
-7.724389433860778809e-02 1.178161621093750000e+00
-1.215242370963096619e-01 -1.746719926595687866e-01
-2.378110736608505249e-01 -9.026166796684265137e-01
4.202971607446670532e-02 4.853328764438629150e-01
-1.855230778455734253e-01 8.685234189033508301e-01
-1.502328962087631226e-01 1.675772428512573242e+00
8.291950076818466187e-02 8.018527030944824219e-01
-1.277722716331481934e-01 -3.064652919769287109e+00
-1.671617627143859863e-01 1.422498703002929688e+00
1.304733008146286011e-01 1.364418983459472656e+00
-1.934765279293060303e-02 2.201093673706054688e+00
8.821950107812881470e-02 -7.906383275985717773e-01
1.202913820743560791e-01 3.944381177425384521e-01
1.036237031221389771e-01 -8.691077828407287598e-01
1.825188845396041870e-02 -2.145762443542480469e+00
9.438348934054374695e-03 -1.157518506050109863e+00
7.632313668727874756e-02 1.112368583679199219e+00
-6.473085284233093262e-02 1.579587459564208984e+00
-1.779916286468505859e-01 -1.449042439460754395e+00
-1.618757843971252441e-01 -2.288120687007904053e-01
2.662298269569873810e-02 1.192506313323974609e+00
-4.000388085842132568e-02 1.941899180412292480e+00
2.857125550508499146e-02 3.233516216278076172e-01
7.595644891262054443e-02 1.336919665336608887e+00
-9.826250374317169189e-03 -1.919087886810302734e+00
1.128813475370407104e-01 5.793392062187194824e-01
4.557287693023681641e-02 -8.126146793365478516e-01
1.005297899246215820e-01 2.047210931777954102e+00
7.193341851234436035e-02 -5.809671282768249512e-01
6.344628334045410156e-02 4.191166758537292480e-01
-5.604667961597442627e-02 -5.891092419624328613e-01
1.497810184955596924e-01 4.172992706298828125e+00
1.650828421115875244e-01 1.686119794845581055e+00
-1.812154352664947510e-01 -5.919521450996398926e-01
-5.462425947189331055e-02 2.339010387659072876e-01
-6.113033369183540344e-02 1.432597398757934570e+00
-5.764776468276977539e-02 -6.136860847473144531e-01
-1.662755943834781647e-02 -5.565381050109863281e-01
-1.094650775194168091e-01 -2.300546169281005859e+00
-8.030536770820617676e-02 -2.522563219070434570e+00
9.042480587959289551e-02 -1.467456102371215820e+00
1.750154197216033936e-01 6.081898808479309082e-01
9.337051957845687866e-02 -3.773789852857589722e-02
6.083192303776741028e-03 4.055294394493103027e-01
4.336961358785629272e-02 -1.728563189506530762e+00
-9.208875894546508789e-02 -1.762648820877075195e-01
8.448164910078048706e-02 1.100808978080749512e+00
1.242407858371734619e-01 1.904868721961975098e+00
-7.182338833808898926e-02 8.493936061859130859e-01
-1.388172358274459839e-01 -2.582419157028198242e+00
-2.608484774827957153e-02 -1.368515729904174805e+00
2.986647933721542358e-02 9.937210083007812500e-01
-1.552256345748901367e-01 -1.662917256355285645e+00
5.687400698661804199e-03 3.451079130172729492e-01
5.655753985047340393e-02 4.512687921524047852e-01
2.236079424619674683e-02 -1.081503510475158691e+00
-1.362838745117187500e-01 -2.538304328918457031e+00
-3.113957121968269348e-02 -6.780418753623962402e-01
1.744974404573440552e-01 3.063186645507812500e+00
5.199725180864334106e-02 -4.423699676990509033e-01
7.259263843297958374e-02 5.779356956481933594e-01
1.084558963775634766e-01 7.966128587722778320e-01
2.690612673759460449e-01 2.864373683929443359e+00
-5.865622311830520630e-02 1.352070420980453491e-01
4.963884502649307251e-02 9.419952034950256348e-01
-2.365452647209167480e-01 -1.042953252792358398e+00
-6.277149170637130737e-02 -1.487684369087219238e+00
-9.006091207265853882e-02 9.739413857460021973e-01
-2.384608983993530273e-02 2.948759317398071289e+00
-1.366964727640151978e-02 -3.535566329956054688e+00
-1.603224575519561768e-01 -1.421810150146484375e+00
2.182393334805965424e-03 -3.554824888706207275e-01
1.234208866953849792e-01 3.717082262039184570e+00
1.040666103363037109e-01 3.667194843292236328e+00
-1.019969433546066284e-01 -2.673753738403320312e+00
-7.115601003170013428e-02 -1.564298272132873535e+00
-6.715774536132812500e-02 -3.385015726089477539e+00
-6.690575182437896729e-02 -4.017935395240783691e-01
1.183092817664146423e-01 2.193728834390640259e-02
2.077500075101852417e-01 1.324750900268554688e+00
1.275383234024047852e-01 -4.812020361423492432e-01
-1.002566218376159668e-01 -3.716790080070495605e-01
2.544926479458808899e-02 2.206867039203643799e-01
-1.730135828256607056e-02 -1.354181170463562012e-01
-7.778750732541084290e-03 4.451646506786346436e-01
9.741529077291488647e-02 1.374232172966003418e+00
7.986015081405639648e-02 -5.406802296638488770e-01
9.327703714370727539e-02 1.138847470283508301e+00
-1.704268008470535278e-01 -1.113911032676696777e+00
1.527313739061355591e-01 2.017384529113769531e+00
-1.029819063842296600e-02 5.561704635620117188e-01
-4.335954412817955017e-02 4.663254320621490479e-01
-2.168613076210021973e-01 -1.797644972801208496e+00
3.279545903205871582e-02 1.411931395530700684e+00
-4.131805151700973511e-03 -4.274739325046539307e-01
3.455511853098869324e-02 -8.140212893486022949e-01
7.473001629114151001e-02 -3.531141579151153564e-01
4.258440062403678894e-02 6.688161194324493408e-02
-1.605303958058357239e-02 2.682787179946899414e-01
1.534331738948822021e-01 1.780022233724594116e-01
1.392761915922164917e-01 -5.845084786415100098e-01
2.204924821853637695e-02 4.386482238769531250e-01
-1.785814017057418823e-02 1.117725372314453125e+00
-5.055260658264160156e-02 -3.215817213058471680e-01
1.949141472578048706e-01 3.134886026382446289e+00
-2.141525149345397949e-01 -2.351290941238403320e+00
-2.697167173027992249e-02 -5.010541677474975586e-01
-4.808635264635086060e-02 -7.833037972450256348e-01
-4.069020226597785950e-02 1.048089861869812012e+00
1.088984608650207520e-01 3.268721342086791992e+00
7.776756584644317627e-02 3.827325403690338135e-01
-2.046508193016052246e-01 -3.424208402633666992e+00
1.714208871126174927e-01 3.850978910923004150e-01
4.420849308371543884e-02 1.292870402336120605e+00
1.091700196266174316e-01 6.214255094528198242e-01
-6.013119220733642578e-02 -3.546261787414550781e+00
8.780314028263092041e-02 1.385448932647705078e+00
-1.545164585113525391e-01 3.991616666316986084e-01
-6.768490374088287354e-02 -2.150967597961425781e+00
1.344956159591674805e-01 9.111574292182922363e-02
-3.131590038537979126e-02 -6.131412982940673828e-01
-1.177090629935264587e-01 3.651734888553619385e-01
3.940353170037269592e-03 1.426195740699768066e+00
1.805317252874374390e-01 5.027348399162292480e-01
9.037067741155624390e-02 1.043238759040832520e+00
8.171844482421875000e-02 1.065343976020812988e+00
-1.765236258506774902e-02 1.209120154380798340e+00
-9.211764484643936157e-02 -3.768487870693206787e-01
-1.368977129459381104e-03 -8.051818609237670898e-02
9.453931450843811035e-02 -1.037908047437667847e-01
6.890214979648590088e-03 -3.077686019241809845e-02
3.960777074098587036e-02 5.716879367828369141e-01
7.910173386335372925e-03 -5.969954133033752441e-01
-3.349730372428894043e-02 1.295583605766296387e+00
1.256942152976989746e-01 6.132189631462097168e-01
-3.241321817040443420e-02 1.024572849273681641e-01
8.789234608411788940e-02 -2.408624738454818726e-01
-1.397303789854049683e-01 -2.018253087997436523e+00
-6.663415580987930298e-02 -1.339514255523681641e+00
-9.966865181922912598e-03 -6.459581255912780762e-01
-1.177809685468673706e-01 -2.197358369827270508e+00
9.108539670705795288e-04 -3.081444799900054932e-01
-3.457279503345489502e-02 -7.097495794296264648e-01
-2.737727016210556030e-02 6.020212173461914062e-01
-8.160332217812538147e-03 5.412981510162353516e-01
2.569424547255039215e-02 -2.516937814652919769e-02
-9.767277538776397705e-02 -9.015761017799377441e-01
-5.249738693237304688e-03 1.578429579734802246e+00
1.059857606887817383e-01 -1.747945189476013184e+00
-1.160937398672103882e-01 -1.734801173210144043e+00
1.149928122758865356e-01 2.369339168071746826e-01
-2.356366813182830811e-01 -3.066223621368408203e+00
-7.436890155076980591e-02 4.064270555973052979e-01
7.292518019676208496e-02 2.642307996749877930e+00
-8.323220163583755493e-02 1.359603404998779297e+00
-1.088692471385002136e-01 4.214628934860229492e-01
4.500572755932807922e-02 -7.351769804954528809e-01
1.610264331102371216e-01 1.247510388493537903e-01
7.866179943084716797e-02 -2.558120191097259521e-01
-1.184658706188201904e-02 -2.291439101099967957e-02
-5.943493172526359558e-02 -4.957178533077239990e-01
1.131879538297653198e-01 -1.211131453514099121e+00
-1.047673895955085754e-01 7.640491127967834473e-01
-6.261414289474487305e-02 2.069996595382690430e-01
-2.289597094058990479e-01 -1.594216972589492798e-01
8.637528121471405029e-02 3.349702656269073486e-01
-1.444850564002990723e-01 -4.521456360816955566e-01
-1.017969921231269836e-01 3.739602565765380859e-01
8.171281218528747559e-02 5.078919529914855957e-01
-1.110805273056030273e-01 -1.463912487030029297e+00
-6.917725503444671631e-02 1.778110265731811523e+00
1.191515922546386719e-01 9.553962945938110352e-01
1.286021620035171509e-02 1.980431914329528809e+00
6.530256569385528564e-02 2.917641960084438324e-02
8.673746883869171143e-02 -7.320986986160278320e-01
8.978275954723358154e-02 -2.282061874866485596e-01
3.243038803339004517e-02 -6.096092462539672852e-01
1.027329042553901672e-01 7.450819015502929688e-02
3.417927026748657227e-02 -3.986382484436035156e-01
-1.137789189815521240e-01 1.528516411781311035e+00
-1.740971058607101440e-01 -1.504902601242065430e+00
-2.027636617422103882e-01 -1.453852653503417969e+00
1.050908416509628296e-01 2.414787411689758301e-01
1.202226430177688599e-02 1.913023829460144043e+00
8.578962087631225586e-02 4.537822604179382324e-01
-1.137005910277366638e-02 1.433182001113891602e+00
-5.695532262325286865e-02 -2.465696573257446289e+00
3.408982977271080017e-02 -1.324467957019805908e-01
1.001999340951442719e-02 -6.311097741127014160e-01
1.029813662171363831e-01 1.605216026306152344e+00
1.981642097234725952e-02 5.208681225776672363e-01
6.421840935945510864e-02 -3.197080194950103760e-01
-4.276713356375694275e-02 4.196558892726898193e-01
2.034766823053359985e-01 3.207513809204101562e+00
7.975149154663085938e-02 5.179078578948974609e-01
-1.473759710788726807e-01 1.875080466270446777e-01
-9.921766817569732666e-02 4.698373675346374512e-01
-6.276004016399383545e-02 7.203382849693298340e-01
-4.595094919204711914e-02 -9.704307913780212402e-01
8.645766973495483398e-02 -7.255451679229736328e-01
-6.070715188980102539e-02 -2.695148944854736328e+00
-5.020062625408172607e-02 -2.300747871398925781e+00
7.546190917491912842e-02 -1.448425054550170898e+00
1.717859953641891479e-01 1.141495943069458008e+00
7.384011894464492798e-02 -1.929512768983840942e-01
5.133960768580436707e-02 9.178906679153442383e-01
1.086113974452018738e-01 -1.998220324516296387e+00
-1.174332946538925171e-01 -5.740701779723167419e-02
-3.404898568987846375e-02 1.247137069702148438e+00
3.805590420961380005e-02 9.634791016578674316e-01
-1.427975744009017944e-01 -6.582114845514297485e-02
-1.086329817771911621e-01 -2.004142761230468750e+00
-6.796715408563613892e-02 -1.208985567092895508e+00
2.235595509409904480e-02 -1.151689812541007996e-01
-1.332762539386749268e-01 -1.191649809479713440e-01
3.888303786516189575e-02 4.565950483083724976e-02
2.105221152305603027e-01 -1.830798089504241943e-01
1.042320355772972107e-01 -1.644523501396179199e+00
-9.421786665916442871e-02 -1.398364305496215820e+00
-4.264925420284271240e-02 3.827094733715057373e-01
9.059708565473556519e-02 2.189057111740112305e+00
7.752268016338348389e-02 -8.029581308364868164e-01
2.199902385473251343e-02 1.359636425971984863e+00
1.364091038703918457e-02 1.565028876066207886e-01
5.702188611030578613e-02 1.922785997390747070e+00
-8.988198637962341309e-02 -1.153656244277954102e+00
4.501340538263320923e-02 9.421575069427490234e-01
-2.607272267341613770e-01 -2.123941183090209961e+00
-4.693095386028289795e-02 -1.641186952590942383e+00
-1.107195168733596802e-01 1.603209853172302246e+00
-1.461009681224822998e-02 2.281611919403076172e+00
-4.267840832471847534e-02 -2.206731796264648438e+00
-1.516741663217544556e-01 2.654319405555725098e-01
-2.035162411630153656e-03 -2.453478425741195679e-01
5.418561398983001709e-03 2.111042737960815430e+00
4.319329559803009033e-02 2.993459224700927734e+00
-1.108509302139282227e-01 -1.549096465110778809e+00
3.579646348953247070e-03 -5.574993491172790527e-01
-1.264593377709388733e-02 -2.393311738967895508e+00
5.244275927543640137e-02 -2.977277338504791260e-01
3.603968024253845215e-02 -3.491014838218688965e-01
2.802935838699340820e-01 2.575353384017944336e+00
4.454318434000015259e-02 -5.746426582336425781e-01
-1.572111845016479492e-01 -1.242985844612121582e+00
6.355310976505279541e-02 -1.216158390045166016e+00
-4.189416021108627319e-02 1.022701635956764221e-01
3.482457995414733887e-02 5.528562068939208984e-01
1.390958726406097412e-01 2.879726171493530273e+00
3.368769586086273193e-02 -9.304190874099731445e-01
6.325152516365051270e-02 -6.520499587059020996e-01
-1.251942813396453857e-01 -8.434202671051025391e-01
6.315891444683074951e-02 7.666863799095153809e-01
3.516983240842819214e-02 -9.633398056030273438e-02
-2.907745167613029480e-02 2.679955959320068359e-01
-1.481311917304992676e-01 -1.020749807357788086e+00
-6.511219590902328491e-02 3.153340518474578857e-01
-6.141479685902595520e-02 -8.823415637016296387e-01
1.173698902130126953e-02 -1.324255466461181641e+00
9.294603019952774048e-02 -2.049723386764526367e+00
-2.920664846897125244e-02 -1.335275292396545410e+00
7.634813338518142700e-02 6.630014181137084961e-01
2.369399070739746094e-01 1.232369303703308105e+00
2.015176564455032349e-01 -4.690077006816864014e-01
-5.915161967277526855e-02 -1.458828449249267578e+00
-4.992211610078811646e-02 2.972671031951904297e+00
-1.153840124607086182e-01 9.801557660102844238e-01
6.413809955120086670e-02 1.817417502403259277e+00
-2.419804334640502930e-01 -2.837200403213500977e+00
-5.093332380056381226e-03 -1.471326708793640137e+00
-2.607396803796291351e-02 -9.291641712188720703e-01
3.309665247797966003e-02 1.017550587654113770e+00
3.304828703403472900e-02 2.607882499694824219e+00
1.240232363343238831e-01 4.702749848365783691e-01
-1.364197283983230591e-01 -2.774483680725097656e+00
1.535234898328781128e-01 3.959814608097076416e-01
5.742583423852920532e-02 2.021715879440307617e+00
2.609816193580627441e-02 1.638489842414855957e+00
-3.921318799257278442e-02 -3.313748359680175781e+00
1.774565875530242920e-02 1.370663881301879883e+00
-1.785782128572463989e-01 2.997412085533142090e-01
-5.928458273410797119e-02 -1.868727326393127441e+00
1.295048147439956665e-01 1.366712808609008789e+00
6.460323184728622437e-02 3.549811840057373047e-01
-9.913784265518188477e-02 2.499575316905975342e-01
2.365257591009140015e-02 1.216775655746459961e+00
1.505504548549652100e-01 -6.863182783126831055e-02
5.363799631595611572e-02 2.109495401382446289e+00
-2.357913926243782043e-02 1.277016639709472656e+00
-1.062761694192886353e-01 2.244892597198486328e+00
-9.259591996669769287e-02 7.465538382530212402e-02
-2.595474943518638611e-03 5.470187664031982422e-01
7.431102544069290161e-02 7.762687206268310547e-01
-3.621007502079010010e-02 -3.642041981220245361e-01
6.604811549186706543e-02 6.937757730484008789e-01
1.111485585570335388e-01 1.476850956678390503e-01
4.946365952491760254e-02 1.248646855354309082e+00
9.060219675302505493e-02 2.567771971225738525e-01
9.203870594501495361e-02 -2.722780406475067139e-01
2.688401564955711365e-02 3.187481760978698730e-01
-1.325345486402511597e-01 -1.010655045509338379e+00
-1.309112310409545898e-01 -1.193797945976257324e+00
4.813356325030326843e-02 -1.271710693836212158e-01
-4.460330680012702942e-02 -5.231854319572448730e-01
5.728410184383392334e-02 1.593191742897033691e+00
7.610987871885299683e-03 -1.865669488906860352e-01
2.327930927276611328e-02 8.603525348007678986e-03
-7.068985700607299805e-02 -4.937954545021057129e-01
5.576538294553756714e-02 3.545603752136230469e-01
-9.464804083108901978e-02 -2.146211385726928711e+00
1.252398788928985596e-01 1.227251291275024414e+00
7.371726632118225098e-02 -1.166697502136230469e+00
-1.818967461585998535e-01 -2.573038339614868164e+00
5.389262735843658447e-02 -8.388592600822448730e-01
-8.689700067043304443e-02 -1.501655220985412598e+00
-1.326080784201622009e-02 1.635398745536804199e+00
1.018846780061721802e-01 2.805812835693359375e+00
-1.883568465709686279e-01 5.194634795188903809e-01
-8.646806329488754272e-02 -3.515072464942932129e-01
2.418773248791694641e-02 -9.402815103530883789e-01
7.010032981634140015e-02 -5.120312571525573730e-01
5.415523052215576172e-02 -2.454342544078826904e-01
4.082610458135604858e-02 8.060792088508605957e-01
-3.398220241069793701e-02 -7.763034105300903320e-01
9.669098258018493652e-02 -2.467907905578613281e+00
-8.350948244333267212e-02 2.979853153228759766e-01
3.235425800085067749e-02 8.077389597892761230e-01
-1.961831897497177124e-01 -7.895038127899169922e-01
5.342409759759902954e-02 7.856729030609130859e-01
-1.596547663211822510e-01 3.882102370262145996e-01
-6.223823502659797668e-02 2.640030384063720703e+00
7.978411018848419189e-02 1.481847882270812988e+00
-1.519910991191864014e-01 -1.655851721763610840e+00
-7.438332587480545044e-02 5.614101886749267578e-01
3.806362673640251160e-02 1.304607391357421875e+00
3.060117363929748535e-02 2.330812454223632812e+00
1.616562604904174805e-01 1.771147102117538452e-01
1.525645554065704346e-01 3.745546340942382812e-01
8.512838929891586304e-02 -1.559428334236145020e+00
-1.948644407093524933e-02 -9.343665242195129395e-01
8.426852524280548096e-02 -1.184880495071411133e+00
2.089017629623413086e-02 2.207314491271972656e+00
-6.633058935403823853e-02 5.810778141021728516e-01
-1.834464371204376221e-01 -1.015761852264404297e+00
-1.126855984330177307e-01 7.371609658002853394e-02
4.411718249320983887e-02 -1.869182288646697998e-02
-8.355111628770828247e-02 -1.831262856721878052e-01
7.648915052413940430e-04 -3.255534470081329346e-01
-6.819054484367370605e-03 8.624171614646911621e-01
5.148519203066825867e-02 -1.020051956176757812e+00
-3.787502646446228027e-03 -3.123196959495544434e-01
1.376666314899921417e-02 1.767394840717315674e-01
6.703405082225799561e-02 1.779996752738952637e+00
-3.873989731073379517e-02 -8.319792151451110840e-01
4.415493458509445190e-03 1.389404058456420898e+00
2.792266383767127991e-02 1.265964806079864502e-01
1.500837057828903198e-01 2.615286111831665039e+00
1.524464040994644165e-01 1.657475352287292480e+00
-1.433840990066528320e-01 -6.653037071228027344e-01
-8.977548032999038696e-02 -9.930561184883117676e-01
-6.633063405752182007e-02 7.008004784584045410e-01
-3.256902098655700684e-02 -1.160338163375854492e+00
-4.567508399486541748e-02 -1.260928869247436523e+00
-6.858646124601364136e-02 -2.250525236129760742e+00
-9.740637242794036865e-02 -1.770942211151123047e+00
7.317565381526947021e-03 -2.134858369827270508e+00
2.176574319601058960e-01 1.122035861015319824e+00
1.651334911584854126e-01 8.973485231399536133e-01
1.612442433834075928e-01 1.620271444320678711e+00
4.590843617916107178e-02 -2.645674467086791992e+00
-8.791694045066833496e-02 -1.805510878562927246e+00
2.686396986246109009e-02 2.621003985404968262e-01
1.133570820093154907e-01 1.909456372261047363e+00
-1.367793679237365723e-01 -8.240781426429748535e-01
-1.457313895225524902e-01 -1.693073987960815430e+00
-1.515233814716339111e-01 -2.220050334930419922e+00
-3.390051424503326416e-04 7.936912775039672852e-01
-1.269836276769638062e-01 2.686589062213897705e-01
-3.298300877213478088e-02 -1.288868580013513565e-02
4.797969758510589600e-02 -7.211117148399353027e-01
5.088188499212265015e-02 -9.348991513252258301e-01
-7.818990945816040039e-02 -1.096809387207031250e+00
-7.512556016445159912e-02 2.254241555929183960e-01
1.547375023365020752e-01 2.207085132598876953e+00
1.246140375733375549e-01 -2.996193468570709229e-01
2.944437786936759949e-02 7.865269184112548828e-01
2.242580056190490723e-02 3.467284440994262695e-01
5.614641308784484863e-02 1.782741069793701172e+00
-1.063490100204944611e-02 4.591748118400573730e-01
1.366001963615417480e-01 1.002595186233520508e+00
-1.992233097553253174e-01 -2.342865228652954102e+00
-1.933029592037200928e-01 -3.643981218338012695e+00
-7.938531041145324707e-02 7.103688716888427734e-01
-9.259009361267089844e-02 1.290448546409606934e+00
-6.343834847211837769e-02 -1.701492786407470703e+00
-1.625248789787292480e-01 -5.525403022766113281e-01
5.336783453822135925e-02 1.601222753524780273e-01
7.003700733184814453e-02 2.601496219635009766e+00
1.014510095119476318e-01 2.564162731170654297e+00
-4.693240672349929810e-02 -7.606590986251831055e-01
7.029972970485687256e-03 -3.939975500106811523e-01
-1.197069808840751648e-01 -3.698547124862670898e+00
-2.752472460269927979e-02 -1.090913265943527222e-02
7.670275866985321045e-02 2.703311145305633545e-01
2.823204994201660156e-01 2.437553167343139648e+00
-8.533611893653869629e-03 -1.231701016426086426e+00
-2.238785177469253540e-01 -1.255658745765686035e+00
7.279899716377258301e-02 -8.012597560882568359e-01
5.174283683300018311e-02 3.454057872295379639e-01
5.615537613630294800e-02 6.608791351318359375e-01
2.635989785194396973e-01 2.591322183609008789e+00
-3.594806790351867676e-02 -1.067593693733215332e+00
9.081657230854034424e-02 7.553210258483886719e-01
-3.007813096046447754e-01 -2.260751724243164062e+00
3.229921311140060425e-02 1.222320199012756348e+00
-2.847872301936149597e-02 2.259816080331802368e-01
-2.841603755950927734e-02 9.434657096862792969e-01
-2.166600376367568970e-01 -1.204574942588806152e+00
-3.241148963570594788e-02 4.252977669239044189e-01
-1.253260523080825806e-01 -1.501001954078674316e+00
6.414307653903961182e-02 -4.131704866886138916e-01
1.270041465759277344e-01 -1.893294334411621094e+00
-5.273073911666870117e-02 -1.042067646980285645e+00
3.206877782940864563e-02 6.312943696975708008e-01
1.632392406463623047e-01 6.259893774986267090e-01
1.525607705116271973e-01 -2.899280190467834473e-01
8.891394734382629395e-02 -7.894997000694274902e-01
1.685293018817901611e-02 2.468669414520263672e+00
-7.688347995281219482e-02 5.782844424247741699e-01
1.120541840791702271e-01 2.204946756362915039e+00
-2.359928637742996216e-01 -2.758734226226806641e+00
2.120396867394447327e-02 -1.601825714111328125e+00
-1.894876174628734589e-02 -5.963232517242431641e-01
3.899609670042991638e-02 1.139282107353210449e+00
2.639102339744567871e-01 4.418150901794433594e+00
4.645146057009696960e-02 -2.866081595420837402e-01
-2.982155084609985352e-01 -4.176568508148193359e+00
8.790358901023864746e-02 1.245156526565551758e-01
6.700757145881652832e-02 1.278120160102844238e+00
1.453401148319244385e-01 1.739079117774963379e+00
-1.234109699726104736e-01 -4.005586147308349609e+00
1.474187523126602173e-01 1.575617671012878418e+00
-2.212260514497756958e-01 -6.907872390002012253e-03
-8.857373893260955811e-02 -2.019515991210937500e+00
9.253314882516860962e-02 9.099356532096862793e-01
5.741881206631660461e-02 8.331187963485717773e-01
-3.233873099088668823e-02 1.232093572616577148e-01
-1.624047756195068359e-03 1.079483628273010254e+00
8.256391435861587524e-02 -8.231816291809082031e-01
8.804638683795928955e-02 1.234300017356872559e+00
7.240596413612365723e-02 2.382330745458602905e-01
-2.048791944980621338e-02 1.176195859909057617e+00
-5.454979091882705688e-02 -9.688315540552139282e-02
-4.587983712553977966e-02 -2.416832596063613892e-01
9.859830141067504883e-02 7.931452393531799316e-01
-2.539936825633049011e-02 5.088391900062561035e-01
1.275508105754852295e-01 1.590394377708435059e+00
7.353447377681732178e-03 -7.875095009803771973e-01
6.814306229352951050e-02 1.070078253746032715e+00
1.126719340682029724e-01 7.766177058219909668e-01
6.348563730716705322e-02 2.774795889854431152e-01
8.390840142965316772e-02 -1.889260113239288330e-02
-1.827967166900634766e-01 -9.716332554817199707e-01
-8.241415768861770630e-02 -2.675622105598449707e-01
8.240911364555358887e-02 5.903361439704895020e-01
-2.602227032184600830e-02 -6.508123278617858887e-01
1.132196709513664246e-01 9.967951178550720215e-01
-5.644398182630538940e-02 -1.532583236694335938e-01
-2.211286500096321106e-02 -1.665093749761581421e-01
-1.068625077605247498e-01 2.112641632556915283e-01
5.257339403033256531e-02 1.972707808017730713e-01
-8.433876186609268188e-02 -1.823585271835327148e+00
1.754777580499649048e-01 2.287432909011840820e+00
1.158021464943885803e-01 -8.002303242683410645e-01
-2.039508819580078125e-01 -2.191938877105712891e+00
-2.620321512222290039e-02 -1.432364702224731445e+00
-2.620022892951965332e-01 -2.545656204223632812e+00
3.317642956972122192e-03 1.131689786911010742e+00
1.673795282840728760e-01 2.938531875610351562e+00
-9.738169610500335693e-02 3.731077015399932861e-01
-1.760759353637695312e-01 -7.650606036186218262e-01
-1.463979482650756836e-03 -1.755309939384460449e+00
7.350876927375793457e-02 -1.984339356422424316e-01
3.379879519343376160e-02 -5.638409256935119629e-01
1.157365590333938599e-01 1.525139808654785156e+00
6.240544095635414124e-02 -5.677672848105430603e-02
1.823639720678329468e-01 -2.134530305862426758e+00
2.360619604587554932e-02 1.427704095840454102e+00
-8.051726967096328735e-02 -4.220805764198303223e-01
-2.533507049083709717e-01 -1.260703086853027344e+00
1.492120325565338135e-01 9.047884345054626465e-01
-2.159172594547271729e-01 -9.453715384006500244e-02
-9.546460956335067749e-02 1.769606113433837891e+00
1.947198063135147095e-03 1.153324007987976074e+00
-2.434784471988677979e-01 -1.240042209625244141e+00
-9.277517348527908325e-02 4.118788242340087891e-01
1.392162442207336426e-01 8.534316904842853546e-03
7.677737623453140259e-02 2.159033298492431641e+00
6.210446357727050781e-02 -1.258492350578308105e+00
5.450685322284698486e-02 -2.453082054853439331e-01
1.390087008476257324e-01 -9.736751317977905273e-01
8.871821314096450806e-02 -8.592122793197631836e-01
2.795192599296569824e-02 -1.425380945205688477e+00
-7.554556429386138916e-02 1.082657933235168457e+00
-1.647174358367919922e-03 2.023451566696166992e+00
-1.588356792926788330e-01 -8.471707701683044434e-01
-2.834342978894710541e-02 1.075559735298156738e+00
4.824373871088027954e-02 8.466461300849914551e-01
-1.056226342916488647e-02 1.374970912933349609e+00
1.602459698915481567e-02 -7.785647362470626831e-02
-6.318971514701843262e-03 1.396083235740661621e+00
-1.202730983495712280e-01 -2.705313205718994141e+00
7.112111896276473999e-02 -1.003872826695442200e-01
1.062583029270172119e-01 -7.725032418966293335e-02
2.111234366893768311e-01 3.398643255233764648e+00
-1.107949912548065186e-01 -1.637611269950866699e+00
6.139069050550460815e-02 1.548211216926574707e+00
-9.060378372669219971e-02 -1.296323537826538086e+00
3.392280936241149902e-01 4.564603328704833984e+00
1.795111447572708130e-01 1.601104497909545898e+00
-1.917467564344406128e-01 -1.553945690393447876e-01
-1.649817675352096558e-01 -2.827320992946624756e-01
-1.035114526748657227e-01 3.826590478420257568e-01
-2.703815698623657227e-02 -2.177904129028320312e+00
1.578671485185623169e-02 -1.642204523086547852e+00
-1.073397696018218994e-02 -1.983599185943603516e+00
-7.005077600479125977e-02 -2.764967203140258789e+00
2.075996994972229004e-02 -1.745462417602539062e+00
1.042916923761367798e-01 1.108049035072326660e+00
1.451556384563446045e-01 1.525706768035888672e+00
1.346629410982131958e-01 1.509355068206787109e+00
1.834965497255325317e-02 -2.561186313629150391e+00
-2.438310235738754272e-01 -1.033350586891174316e+00
-3.851561993360519409e-02 4.098761081695556641e-02
1.340234726667404175e-01 1.809588193893432617e+00
-4.997144639492034912e-02 -3.425758481025695801e-01
-1.410678029060363770e-01 -1.489715099334716797e+00
-8.918642997741699219e-02 -1.662225961685180664e+00
4.278366267681121826e-02 1.112360477447509766e+00
-1.495525091886520386e-01 -1.288170695304870605e+00
7.528351992368698120e-02 4.032301902770996094e-01
9.603247046470642090e-02 -4.252016842365264893e-01
9.773716330528259277e-02 -1.691848397254943848e+00
-1.155746579170227051e-01 -5.917203426361083984e-01
-1.054622009396553040e-01 1.386384218931198120e-01
1.217000484466552734e-01 1.801853060722351074e+00
4.765053838491439819e-02 -8.174096345901489258e-01
6.365249305963516235e-02 8.349468111991882324e-01
7.139322161674499512e-02 1.129471421241760254e+00
1.185371577739715576e-01 2.672484636306762695e+00
-5.013399571180343628e-02 7.466904520988464355e-01
1.347654759883880615e-01 1.900527596473693848e+00
-2.765794098377227783e-01 -2.316578388214111328e+00
-2.782933712005615234e-01 -3.759083271026611328e+00
-6.199736893177032471e-02 2.019895792007446289e+00
-4.669295996427536011e-02 1.728473424911499023e+00
2.073503285646438599e-02 -2.336658239364624023e+00
-2.791539430618286133e-01 -1.643216609954833984e+00
-1.179480552673339844e-02 -8.953586220741271973e-01
1.144249439239501953e-01 3.573014736175537109e+00
9.766863286495208740e-02 3.012738704681396484e+00
-1.570575833320617676e-01 -1.291815400123596191e+00
-1.225169003009796143e-02 -8.775333166122436523e-01
-1.936236023902893066e-01 -3.765508890151977539e+00
4.246039688587188721e-02 6.622689366340637207e-01
-3.257851302623748779e-02 -2.926490604877471924e-01
2.469426244497299194e-01 4.878869652748107910e-01
4.563939943909645081e-02 6.186067312955856323e-02
-1.499640941619873047e-01 -3.813068270683288574e-01
-3.270236402750015259e-02 -1.523212790489196777e+00
8.878557384014129639e-02 -9.411182403564453125e-01
5.003477260470390320e-02 -2.829814255237579346e-01
-8.222982287406921387e-04 2.710708141326904297e+00
7.853975147008895874e-02 -1.905300319194793701e-01
-6.897807121276855469e-02 1.625252515077590942e-01
-1.782920956611633301e-01 -1.009839415550231934e+00
2.307855337858200073e-02 -6.954462733119726181e-03
-5.582337826490402222e-02 -8.433727025985717773e-01
7.884819060564041138e-03 1.011014461517333984e+00
-1.703020930290222168e-01 -1.407866716384887695e+00
3.172978386282920837e-02 1.591642946004867554e-01
-1.012638583779335022e-01 -7.659684866666793823e-02
-9.762242436408996582e-02 -1.086487770080566406e+00
3.112355619668960571e-02 -1.521756649017333984e+00
3.341557830572128296e-02 -6.353302597999572754e-01
7.720035314559936523e-02 2.859557569026947021e-01
2.589567303657531738e-01 5.062561035156250000e-01
1.030647009611129761e-01 -3.103816211223602295e-01
-3.426823765039443970e-02 -7.959440350532531738e-01
-5.236622691154479980e-02 2.651949405670166016e+00
-1.151487901806831360e-01 -1.388436257839202881e-01
1.927415132522583008e-01 3.288197994232177734e+00
-2.046462893486022949e-01 -1.681541800498962402e+00
8.378631621599197388e-02 2.468207627534866333e-01
-5.897455662488937378e-02 3.467186093330383301e-01
1.224501803517341614e-02 5.305113792419433594e-01
1.601675450801849365e-01 3.139658927917480469e+00
1.122273206710815430e-01 -1.643669724464416504e+00
-1.181610971689224243e-01 -1.937319874763488770e+00
1.145226880908012390e-01 7.789962887763977051e-01
-2.797971665859222412e-02 9.871948957443237305e-01
4.267799481749534607e-02 3.222836554050445557e-01
-4.576207697391510010e-02 -2.427473783493041992e+00
1.344540715217590332e-01 1.672505140304565430e+00
-6.127523630857467651e-02 1.452556729316711426e+00
-1.540785282850265503e-02 -2.056106805801391602e+00
8.240261673927307129e-02 6.615962386131286621e-01
-6.492070853710174561e-02 -1.113410949707031250e+00
-7.159417122602462769e-02 -6.713984608650207520e-01
3.027229569852352142e-03 9.302488565444946289e-01
8.420763164758682251e-02 -8.263766765594482422e-01
5.223707854747772217e-02 1.463196992874145508e+00
2.489218488335609436e-02 3.997022807598114014e-01
6.036622822284698486e-02 1.516981124877929688e+00
-5.987430736422538757e-02 2.744940519332885742e-01
-1.287333667278289795e-02 -7.001614570617675781e-01
6.446381658315658569e-02 1.743779629468917847e-01
1.195912808179855347e-02 3.639264702796936035e-01
3.100702166557312012e-02 2.024376153945922852e+00
1.485180705785751343e-01 1.059676289558410645e+00
4.486614093184471130e-02 7.183710578829050064e-03
1.318448185920715332e-01 9.043058156967163086e-01
5.046560615301132202e-02 1.649532318115234375e+00
6.224469095468521118e-02 -1.221302390098571777e+00
-5.344123393297195435e-02 -4.988597035408020020e-01
-6.367872655391693115e-02 -1.512462496757507324e+00
-1.147159934043884277e-02 5.581778883934020996e-01
-1.644571423530578613e-01 -1.758809208869934082e+00
3.929817304015159607e-02 9.258508086204528809e-01
3.837422654032707214e-02 7.181909680366516113e-01
-4.900187626481056213e-02 6.209617257118225098e-01
-2.693206816911697388e-02 -1.428394466638565063e-01
4.157995060086250305e-02 1.474465522915124893e-02
-1.104080453515052795e-01 -2.247935771942138672e+00
1.077136546373367310e-01 1.096099853515625000e+00
9.200779348611831665e-02 -1.482856750488281250e+00
-1.533905565738677979e-01 -2.983368158340454102e+00
1.793244779109954834e-01 1.043952703475952148e+00
-3.433070480823516846e-01 -3.552692890167236328e+00
-1.318634301424026489e-01 1.573772072792053223e+00
6.999531388282775879e-02 2.067264556884765625e+00
-6.961582601070404053e-02 1.060492992401123047e+00
-9.806311130523681641e-02 -1.937864571809768677e-01
3.511808440089225769e-02 -6.892244815826416016e-01
4.956457391381263733e-02 5.344939231872558594e-01
1.424675807356834412e-02 -6.110082864761352539e-01
1.106290966272354126e-01 4.638825654983520508e-01
7.866613566875457764e-02 -6.564670056104660034e-02
6.027770042419433594e-02 -1.986153006553649902e+00
7.582113146781921387e-02 2.196528911590576172e+00
1.537181437015533447e-02 8.854165077209472656e-01
-2.477306425571441650e-01 -2.041501045227050781e+00
2.500759065151214600e-02 2.245684862136840820e-01
-2.228271365165710449e-01 4.258818328380584717e-01
-2.132129296660423279e-02 1.384372830390930176e+00
1.382525265216827393e-01 8.146070837974548340e-01
-8.438798785209655762e-02 -2.384874820709228516e+00
-8.894248306751251221e-02 1.360109567642211914e+00
1.670361757278442383e-01 1.305021882057189941e+00
1.399062275886535645e-01 2.822343587875366211e+00
1.025341823697090149e-01 -5.989269018173217773e-01
1.065040156245231628e-01 4.340149760246276855e-01
9.910183399915695190e-02 -8.878537416458129883e-01
-2.557198517024517059e-03 -9.384449124336242676e-01
8.504021912813186646e-02 -8.095659017562866211e-01
-3.750710934400558472e-02 1.505378603935241699e+00
-2.445723861455917358e-03 1.487579703330993652e+00
-1.138479113578796387e-01 -1.100050926208496094e+00
-2.656809985637664795e-01 -1.246741056442260742e+00
1.695271730422973633e-01 1.161213278770446777e+00
-2.613215148448944092e-02 1.812999486923217773e+00
7.512789964675903320e-02 -1.223636984825134277e+00
1.585708931088447571e-03 1.529377102851867676e+00
-6.431831419467926025e-02 -1.219367504119873047e+00
9.579971432685852051e-03 3.312169611454010010e-01
-4.234755411744117737e-02 5.760866403579711914e-01
9.423980116844177246e-02 1.015837073326110840e+00
-3.931767120957374573e-02 -1.203261613845825195e+00
5.549008026719093323e-02 1.117097288370132446e-01
-8.756372332572937012e-02 8.845134824514389038e-02
2.439540773630142212e-01 3.932327270507812500e+00
2.594737410545349121e-01 2.097386598587036133e+00
-1.612580567598342896e-01 -8.545233011245727539e-01
-1.156492903828620911e-01 -2.306291759014129639e-01
-1.358056515455245972e-01 1.049376368522644043e+00
-5.067297071218490601e-02 -7.076317071914672852e-01
4.125278443098068237e-03 -1.259589910507202148e+00
-7.096702605485916138e-02 -2.345624446868896484e+00
-2.135322093963623047e-01 -2.893463850021362305e+00
2.392143011093139648e-02 -2.201983451843261719e+00
1.906833797693252563e-01 5.428964495658874512e-01
1.691856235265731812e-01 3.175504803657531738e-01
1.119811460375785828e-01 1.814797282218933105e+00
3.207154572010040283e-03 -1.802430391311645508e+00
-9.237434715032577515e-02 -7.498636841773986816e-01
8.735132962465286255e-02 1.026383280754089355e+00
1.464704275131225586e-01 1.836584806442260742e+00
-1.097305342555046082e-01 3.985817730426788330e-01
-2.200803756713867188e-01 -2.516430616378784180e+00
-1.070785075426101685e-01 -1.714368939399719238e+00
5.036115646362304688e-03 1.247326612472534180e+00
-6.694383174180984497e-02 -3.659759163856506348e-01
9.303376078605651855e-02 1.158806160092353821e-01
1.216005161404609680e-02 -2.644746601581573486e-01
3.193083405494689941e-02 -9.491609334945678711e-01
-1.679674834012985229e-01 -2.091357231140136719e+00
-1.261200904846191406e-01 -9.699108600616455078e-01
1.914981752634048462e-01 2.254337549209594727e+00
1.770708858966827393e-01 -1.422339081764221191e-01
-1.805159635841846466e-02 5.631672739982604980e-01
-5.159075558185577393e-02 -5.512022376060485840e-01
1.417495161294937134e-01 2.687184810638427734e+00
6.638769060373306274e-03 2.599628269672393799e-01
1.089996844530105591e-01 6.267443895339965820e-01
-2.592761516571044922e-01 -2.195628881454467773e+00
-9.148366749286651611e-02 -1.977241992950439453e+00
-7.882103323936462402e-02 6.044076681137084961e-01
-4.872928559780120850e-02 2.119865894317626953e+00
-1.015697345137596130e-01 -3.925514936447143555e+00
-1.193355023860931396e-01 1.061952829360961914e+00
-5.982211232185363770e-02 -3.996654599905014038e-02
-7.934238761663436890e-03 1.415264844894409180e+00
1.834832131862640381e-01 2.539384365081787109e+00
-6.601408123970031738e-02 -1.516154170036315918e+00
-9.787610173225402832e-02 -1.179897427558898926e+00
-2.002128958702087402e-01 -3.007539749145507812e+00
