# name size eweight fweight vweight
#Be
001FreeSurf     34      41.9393253217912 68.9623173495202 1.0e-12
010FreeSurf     36      41.9393253217912 68.9623173495202 1.0e-12
100FreeSurf     20      41.9393253217912 68.9623173495202 1.0e-12
Defect_BCrowd   22      11.6129704286138 20.1327190878775 1.0e-12
Defect_BOct     22      11.6129704286138 20.1327190878775 1.0e-12
Defect_BSplit   22      11.6129704286138 20.1327190878775 1.0e-12
Defect_BTetra   46      11.6129704286138 20.1327190878775 1.0e-12
Defect_Crowd    22      11.6129704286138 20.1327190878775 1.0e-12
Defect_Oct      22      11.6129704286138 20.1327190878775 1.0e-12
Defect_Tet      10      11.6129704286138 20.1327190878775 1.0e-12
Defect_Vacancy  13      11.6129704286138 20.1327190878775 1.0e-12
DFTMD_1000K     505     436.46713269739 25.9225848378898 1.0e-12
DFTMD_300K      404     436.46713269739 25.9225848378898 1.0e-12
Elast_BCC_Shear 978     178.350842653746 793.596683274656 1.0e-12
Elast_BCC_Vol   1000    178.350842653746 1553.7039315755 1.0e-12
Elast_FCC_Shear 371     178.350842653746 793.596683274656 1.0e-12
Elast_FCC_Vol   1000    178.350842653746 1553.7039315755 1.0e-12
Elast_HCP_Shear 244     178.350842653746 793.596683274656 1.0e-12
Elast_HCP_Vol   1001    178.350842653746 1553.7039315755 1.0e-12
EOS_BCC 101     338.213923534691 1553.7039315755 1.0e-12
EOS_FCC 301     338.213923534691 1553.7039315755 1.0e-12
EOS_HCP 100     338.213923534691 1553.7039315755 1.0e-12
StackFaults     6       11.6129704286138 793.596683274656 1.0e-12
Liquids         75     0.0353125583595375 25.9225848378898 1.0e-12

#WBe
DFT_MD_1000K            1562 44.162042355268 0.00227087929058201 1.0e-12
DFT_MD_300K             1798 44.162042355268 0.00227087929058201 1.0e-12
ElasticDeform_Shear     1483 0.553592561007502 0.177919040344643 1.0e-12
ElasticDeform_Vol       2833 211.996117831303 0.00105293249458209 1.0e-12
EOS                     1113 132.879256296705 1.10046761515816 1.0e-12
WSurface_BeAdhesion     381  55.7715970380278 0.78584537072664 1.0e-12

#W
BCC_ForceLib_W110       5       0.003001934     0.1396702165    1.00E-12
BCC_ForceLib_W111       3       0.003001934     0.1396702165    1.00E-12
BCC_ForceLib_WOct       4       0.003001934     0.1396702165    1.00E-12
BCC_ForceLib_WTet       3       0.003001934     0.1396702165    1.00E-12
dislocation_quadrupole  98      0.0276327087    2.1358562516    1.00E-12
Disordered_Struc        27      0.0001458609    0.085046817     1.00E-12
Divacancy       39      0.0269003754    0.2379420856    1.00E-12
EOS_Data        125     0.0009078018    15.9805795873   1.00E-12
gamma_surface   6183    0.0002260273    3.9286571351    1.00E-12
gamma_surface_vacancy   750     0.0004723469    30.7888852447   1.00E-12
md_bulk 60      0.0526579837    0.4206962133    1.00E-12
slice_sample    2000    0.0025503766    10.5847278636   0.0079307779
surface 180     531.0618507847  0.8123933908    1.00E-12
vacancy 420     3.9699030105    0.5623621081    1.00E-12

