-1.064319335937500000e+03 -1.062017333984375000e+03
-1.064378906250000000e+03 -1.062140380859375000e+03
-1.064411376953125000e+03 -1.062026245117187500e+03
-1.064354980468750000e+03 -1.062103149414062500e+03
-1.065186279296875000e+03 -1.062206420898437500e+03
-1.064916503906250000e+03 -1.062024291992187500e+03
-1.064824340820312500e+03 -1.061852294921875000e+03
-1.065209716796875000e+03 -1.062171752929687500e+03
-1.064208618164062500e+03 -1.062185058593750000e+03
-9.070925903320312500e+02 -9.076455078125000000e+02
-9.061395874023437500e+02 -9.068571166992187500e+02
-9.064918212890625000e+02 -9.071046142578125000e+02
-9.044594726562500000e+02 -9.056758422851562500e+02
-9.074196166992187500e+02 -9.086328735351562500e+02
-9.059710693359375000e+02 -9.072581176757812500e+02
-9.046138916015625000e+02 -9.059447631835937500e+02
-9.058546142578125000e+02 -9.070803222656250000e+02
-9.129379882812500000e+02 -9.138488769531250000e+02
-7.814633789062500000e+02 -7.790827026367187500e+02
-7.814707641601562500e+02 -7.791514282226562500e+02
-7.816218261718750000e+02 -7.792242431640625000e+02
-7.813073120117187500e+02 -7.789207763671875000e+02
-7.821034545898437500e+02 -7.796058959960937500e+02
-7.814038696289062500e+02 -7.789866333007812500e+02
-7.807882690429687500e+02 -7.789312133789062500e+02
-7.807592163085937500e+02 -7.790085449218750000e+02
-7.811724853515625000e+02 -7.793654785156250000e+02
-3.335501098632812500e+01 -3.341043853759765625e+01
-3.326340484619140625e+01 -3.336128234863281250e+01
-3.326722717285156250e+01 -3.336507034301757812e+01
-3.316152954101562500e+01 -3.325977706909179688e+01
-3.309712600708007812e+01 -3.319562530517578125e+01
-3.301465225219726562e+01 -3.315061187744140625e+01
-3.330536651611328125e+01 -3.344089126586914062e+01
-3.316685104370117188e+01 -3.330261230468750000e+01
-3.323491287231445312e+01 -3.337057495117187500e+01
-3.308114624023437500e+01 -3.325068283081054688e+01
-3.320857238769531250e+01 -3.337814331054687500e+01
-3.325705718994140625e+01 -3.342665481567382812e+01
-3.322280120849609375e+01 -3.339239501953125000e+01
-3.314347076416015625e+01 -3.334346389770507812e+01
-3.314036178588867188e+01 -3.334034729003906250e+01
-3.329870223999023438e+01 -3.349902725219726562e+01
-3.324132537841796875e+01 -3.344148254394531250e+01
-3.318611526489257812e+01 -3.341360855102539062e+01
-3.336044311523437500e+01 -3.358858108520507812e+01
-3.287264251708984375e+01 -3.309879684448242188e+01
-3.292872238159179688e+01 -3.315511703491210938e+01
-3.297882843017578125e+01 -3.322979736328125000e+01
-3.305599975585937500e+01 -3.330736923217773438e+01
-3.298654174804687500e+01 -3.323754882812500000e+01
-3.304980468750000000e+01 -3.330117034912109375e+01
-3.302494430541992188e+01 -3.329801940917968750e+01
-3.300273132324218750e+01 -3.327569198608398438e+01
-3.317857742309570312e+01 -3.345270156860351562e+01
-3.290337753295898438e+01 -3.317565155029296875e+01
-3.323913955688476562e+01 -3.353353500366210938e+01
-3.310684204101562500e+01 -3.340016174316406250e+01
-3.299486923217773438e+01 -3.328733062744140625e+01
-3.298257446289062500e+01 -3.327495956420898438e+01
-3.267033386230468750e+01 -3.297711944580078125e+01
-3.288666915893554688e+01 -3.319556808471679688e+01
-3.283296203613281250e+01 -3.314134216308593750e+01
-3.308631134033203125e+01 -3.339704513549804688e+01
-3.306002807617187500e+01 -3.338617706298828125e+01
-3.309564971923828125e+01 -3.342216873168945312e+01
-3.278929519653320312e+01 -3.311265945434570312e+01
-3.274598693847656250e+01 -3.306892776489257812e+01
-3.273847961425781250e+01 -3.307501220703125000e+01
-3.280171203613281250e+01 -3.313895034790039062e+01
-3.300004959106445312e+01 -3.333954238891601562e+01
-3.283545303344726562e+01 -3.317308425903320312e+01
-3.299700546264648438e+01 -3.334881210327148438e+01
-3.275764083862304688e+01 -3.310656356811523438e+01
-3.294371032714843750e+01 -3.329483795166015625e+01
-3.287017059326171875e+01 -3.322047424316406250e+01
-3.287004089355468750e+01 -3.323118209838867188e+01
-3.315456771850585938e+01 -3.351921463012695312e+01
-3.284775543212890625e+01 -3.320859527587890625e+01
-3.300548934936523438e+01 -3.336837005615234375e+01
-3.301212310791015625e+01 -3.338477325439453125e+01
-3.292119216918945312e+01 -3.329262924194335938e+01
-3.294360733032226562e+01 -3.331535720825195312e+01
-3.313957977294921875e+01 -3.351385116577148438e+01
-3.296667480468750000e+01 -3.334722900390625000e+01
-3.284981536865234375e+01 -3.322874069213867188e+01
-3.283155822753906250e+01 -3.321026229858398438e+01
-3.279107666015625000e+01 -3.316923141479492188e+01
-3.279999542236328125e+01 -3.318571853637695312e+01
-3.281517028808593750e+01 -3.320108795166015625e+01
-3.293472671508789062e+01 -3.332232666015625000e+01
-3.310498046875000000e+01 -3.349490356445312500e+01
-3.306991195678710938e+01 -3.346593856811523438e+01
-3.284312438964843750e+01 -3.323590469360351562e+01
-3.297446060180664062e+01 -3.336916732788085938e+01
-3.278816223144531250e+01 -3.318015670776367188e+01
-3.305351257324218750e+01 -3.345503997802734375e+01
-3.261832046508789062e+01 -3.301339721679687500e+01
-3.312482452392578125e+01 -3.352748107910156250e+01
-3.289267349243164062e+01 -3.329181671142578125e+01
-3.263573074340820312e+01 -3.303594207763671875e+01
-3.297147369384765625e+01 -3.337665939331054688e+01
-3.267427825927734375e+01 -3.307501983642578125e+01
-3.275942993164062500e+01 -3.316144943237304688e+01
-3.296809768676757812e+01 -3.337746810913085938e+01
-3.276536178588867188e+01 -3.317166900634765625e+01
-3.276905059814453125e+01 -3.317536926269531250e+01
-3.305522155761718750e+01 -3.346593475341796875e+01
-3.297373199462890625e+01 -3.338673019409179688e+01
-3.310576629638671875e+01 -3.352088928222656250e+01
-3.279594039916992188e+01 -3.320619964599609375e+01
-3.304316711425781250e+01 -3.345728302001953125e+01
-3.291796112060546875e+01 -3.333320236206054688e+01
-3.278105163574218750e+01 -3.319413375854492188e+01
-3.284298706054687500e+01 -3.325705337524414062e+01
-3.272085571289062500e+01 -3.313298034667968750e+01
-3.273514938354492188e+01 -3.314996719360351562e+01
-3.292607879638671875e+01 -3.334386444091796875e+01
-3.262639617919921875e+01 -3.303941345214843750e+01
-3.311507797241210938e+01 -3.353592681884765625e+01
-3.296492767333984375e+01 -3.338542556762695312e+01
-3.285773468017578125e+01 -3.327655792236328125e+01
-3.274006652832031250e+01 -3.315698623657226562e+01
-3.258053207397460938e+01 -3.299481582641601562e+01
-3.286305618286132812e+01 -3.328359603881835938e+01
-3.272014999389648438e+01 -3.313830184936523438e+01
-3.295640182495117188e+01 -3.337835693359375000e+01
-6.427079772949218750e+01 -6.476441955566406250e+01
-6.419849395751953125e+01 -6.468392944335937500e+01
-6.432049560546875000e+01 -6.482192230224609375e+01
-6.417532348632812500e+01 -6.466083526611328125e+01
-6.470857238769531250e+01 -6.525205993652343750e+01
-6.424923706054687500e+01 -6.474446105957031250e+01
-6.425138854980468750e+01 -6.474473571777343750e+01
-6.392305755615234375e+01 -6.437937164306640625e+01
-6.430947875976562500e+01 -6.480918121337890625e+01
-6.421076202392578125e+01 -6.469752502441406250e+01
-6.451667785644531250e+01 -6.503795623779296875e+01
-6.415508270263671875e+01 -6.463903045654296875e+01
-6.423413085937500000e+01 -6.472507476806640625e+01
-6.441944885253906250e+01 -6.492972564697265625e+01
-6.478923034667968750e+01 -6.534035491943359375e+01
-6.412097167968750000e+01 -6.459835052490234375e+01
-6.444075012207031250e+01 -6.495316314697265625e+01
-6.437870025634765625e+01 -6.488294219970703125e+01
-6.425001525878906250e+01 -6.473693084716796875e+01
-6.449788665771484375e+01 -6.501383972167968750e+01
-6.441041564941406250e+01 -6.491615295410156250e+01
-6.414839935302734375e+01 -6.462235260009765625e+01
-6.429383850097656250e+01 -6.478247833251953125e+01
-6.444252777099609375e+01 -6.494829559326171875e+01
-6.439850616455078125e+01 -6.489974975585937500e+01
-6.437899780273437500e+01 -6.487345886230468750e+01
-6.446993255615234375e+01 -6.497497558593750000e+01
-6.395122528076171875e+01 -6.439729309082031250e+01
-6.431745910644531250e+01 -6.480485534667968750e+01
-6.422332763671875000e+01 -6.469734954833984375e+01
-6.434201049804687500e+01 -6.482592773437500000e+01
-6.427378845214843750e+01 -6.474939727783203125e+01
-6.459696197509765625e+01 -6.511027526855468750e+01
-6.452651977539062500e+01 -6.502669525146484375e+01
-6.455157470703125000e+01 -6.505451965332031250e+01
-6.462158203125000000e+01 -6.512958526611328125e+01
-6.446228790283203125e+01 -6.495626068115234375e+01
-6.446578216552734375e+01 -6.495103454589843750e+01
-6.403783416748046875e+01 -6.447730255126953125e+01
-6.436951446533203125e+01 -6.484661865234375000e+01
-6.426233673095703125e+01 -6.472708129882812500e+01
-6.455301666259765625e+01 -6.504382324218750000e+01
-6.461264801025390625e+01 -6.510938262939453125e+01
-6.481571197509765625e+01 -6.533470153808593750e+01
-6.438291168212890625e+01 -6.485578918457031250e+01
-6.412522888183593750e+01 -6.456046295166015625e+01
-6.422161865234375000e+01 -6.466661834716796875e+01
-6.432191467285156250e+01 -6.477683258056640625e+01
-6.441371917724609375e+01 -6.488122558593750000e+01
-6.435594940185546875e+01 -6.480744171142578125e+01
-6.455496215820312500e+01 -6.502874755859375000e+01
-6.431536102294921875e+01 -6.476332092285156250e+01
-6.451599121093750000e+01 -6.498617553710937500e+01
-6.421827697753906250e+01 -6.464952850341796875e+01
-6.450068664550781250e+01 -6.495967102050781250e+01
-6.442766571044921875e+01 -6.488034820556640625e+01
-6.426073455810546875e+01 -6.469414520263671875e+01
-6.420144653320312500e+01 -6.462173461914062500e+01
-6.433083343505859375e+01 -6.476625823974609375e+01
-6.434566497802734375e+01 -6.478128051757812500e+01
-6.455616760253906250e+01 -6.501396179199218750e+01
-6.429521942138671875e+01 -6.471598815917968750e+01
-6.471662139892578125e+01 -6.518415069580078125e+01
-6.405455017089843750e+01 -6.444963836669921875e+01
-6.410498809814453125e+01 -6.450747680664062500e+01
-6.440271759033203125e+01 -6.482644653320312500e+01
-6.418696594238281250e+01 -6.459026336669921875e+01
-6.423663330078125000e+01 -6.464419555664062500e+01
-6.434403228759765625e+01 -6.476154327392578125e+01
-6.409379577636718750e+01 -6.447779846191406250e+01
-6.388750076293945312e+01 -6.424897003173828125e+01
-6.463199615478515625e+01 -6.507477569580078125e+01
-6.460303497314453125e+01 -6.504199218750000000e+01
-6.422090911865234375e+01 -6.460670471191406250e+01
-6.439534759521484375e+01 -6.480276489257812500e+01
-6.468651580810546875e+01 -6.512428283691406250e+01
-6.416598510742187500e+01 -6.454818725585937500e+01
-6.432161712646484375e+01 -6.471240234375000000e+01
-6.436518096923828125e+01 -6.475991821289062500e+01
-6.415470886230468750e+01 -6.452815246582031250e+01
-6.433879089355468750e+01 -6.473087310791015625e+01
-6.415848541259765625e+01 -6.452124023437500000e+01
-6.428677368164062500e+01 -6.466329956054687500e+01
-6.440854644775390625e+01 -6.479904937744140625e+01
-6.462033081054687500e+01 -6.503298187255859375e+01
-6.447215270996093750e+01 -6.486083984375000000e+01
-6.442440795898437500e+01 -6.480819702148437500e+01
-6.450421142578125000e+01 -6.489760589599609375e+01
-6.435269927978515625e+01 -6.472864532470703125e+01
-6.435913085937500000e+01 -6.472825622558593750e+01
-6.467933654785156250e+01 -6.507875061035156250e+01
-6.480117034912109375e+01 -6.521584320068359375e+01
-6.430042266845703125e+01 -6.466173553466796875e+01
-6.495697021484375000e+01 -6.537983703613281250e+01
-6.427590179443359375e+01 -6.462442779541015625e+01
-6.438330078125000000e+01 -6.474440765380859375e+01
-6.482431793212890625e+01 -6.523158264160156250e+01
-6.430998229980468750e+01 -6.465406799316406250e+01
-6.434580230712890625e+01 -6.469273376464843750e+01
-6.433499145507812500e+01 -6.468063354492187500e+01
-3.896416015625000000e+02 -3.922236328125000000e+02
-3.901746826171875000e+02 -3.921065063476562500e+02
-3.902224426269531250e+02 -3.921332397460937500e+02
-3.897318115234375000e+02 -3.917693176269531250e+02
-3.901746826171875000e+02 -3.921065063476562500e+02
-3.903566589355468750e+02 -3.921484375000000000e+02
-3.904745483398437500e+02 -3.921145935058593750e+02
-3.890407104492187500e+02 -3.909174194335937500e+02
-3.903566589355468750e+02 -3.921484375000000000e+02
-3.895589294433593750e+02 -3.909191284179687500e+02
-3.911545410156250000e+02 -3.921273498535156250e+02
-3.906741638183593750e+02 -3.917810058593750000e+02
-3.908007507324218750e+02 -3.921954345703125000e+02
-3.907009887695312500e+02 -3.913636169433593750e+02
-3.906949768066406250e+02 -3.913576049804687500e+02
-3.913785705566406250e+02 -3.921954345703125000e+02
-3.917312011718750000e+02 -3.921332397460937500e+02
-3.921471557617187500e+02 -3.920252075195312500e+02
-3.922799072265625000e+02 -3.921273498535156250e+02
-3.905241394042968750e+02 -3.908242797851562500e+02
-3.921231079101562500e+02 -3.921145935058593750e+02
-3.926088256835937500e+02 -3.920259094238281250e+02
-4.843501281738281250e+02 -4.829645080566406250e+02
-4.869388427734375000e+02 -4.849097595214843750e+02
-4.868948974609375000e+02 -4.849996032714843750e+02
-4.847510375976562500e+02 -4.830439147949218750e+02
-4.875917968750000000e+02 -4.851196594238281250e+02
-4.870216979980468750e+02 -4.845976257324218750e+02
-4.850569458007812500e+02 -4.832626342773437500e+02
-4.855575256347656250e+02 -4.835637207031250000e+02
-4.862366943359375000e+02 -4.840060424804687500e+02
-4.853568420410156250e+02 -4.833437194824218750e+02
-4.875386657714843750e+02 -4.850956420898437500e+02
-4.866311645507812500e+02 -4.852366333007812500e+02
-4.870929260253906250e+02 -4.851196594238281250e+02
-4.866144714355468750e+02 -4.850762329101562500e+02
-4.868280639648437500e+02 -4.851228332519531250e+02
-4.857736511230468750e+02 -4.853601379394531250e+02
-4.862401733398437500e+02 -4.850830383300781250e+02
-4.863009033203125000e+02 -4.850928344726562500e+02
-4.857552490234375000e+02 -4.853375854492187500e+02
-4.842160339355468750e+02 -4.840094909667968750e+02
-4.849310607910156250e+02 -4.852387390136718750e+02
-4.853893127441406250e+02 -4.851037292480468750e+02
-1.595647460937500000e+03 -1.605057617187500000e+03
-1.601975952148437500e+03 -1.612984008789062500e+03
-1.578757568359375000e+03 -1.588091430664062500e+03
-3.912047119140625000e+02 -3.921431579589843750e+02
-7.768812255859375000e+02 -7.787984008789062500e+02
-6.383610839843750000e+02 -6.357122802734375000e+02
-6.499567871093750000e+02 -6.478165283203125000e+02
-3.901367797851562500e+02 -3.895999755859375000e+02
-4.869351196289062500e+02 -4.851186828613281250e+02
-4.826739807128906250e+02 -4.793865966796875000e+02
