# name size eweight fweight vweight
aa 	20 	5319411.52359161	 12160.2964901219 	 	 1.0e-12
aIn 	54 	592960.979019644    410.375340021632  	 1.0e-12
aP 	21 	280933.371566026     3618.73557864646  		 1.0e-12
Bulk 	1 	747239.126417448   1609572.6749909  	 1.0e-12
#EOS 	268 	26400.22909983956    11164.9854012147    	 1.0e-12
EOS 	268 	100000    11164.9854012147    	 1.0e-12
iIn 	41 	2103779.971446    6796.55772361871  	 1.0e-12
iP  	100 	669131.752996794     5805.68960393981  		 1.0e-12
s_aa	18	5319411.52359161    12160.2964901219 		 1.0e-12
s_aIn	121	592960.979019644   410.375340021632 	 1.0e-12
s_aP	72	280933.371566026    3618.73557864646 		 1.0e-12
#Shear  	346 	660.525724781826  205.973221998272	 1.0e-12 
Shear  	346 	100000  205.973221998272	 1.0e-12
s_iIn	144	2103779.971446   6796.55772361871 	 1.0e-12
s_iP	337	669131.752996794    5805.68960393981 	 	 1.0e-12
Strain  163 	4564655.81612184 1525.7275564439	 1.0e-12
s_vIn	17	6314405.9173199   712362.940478615 	 1.0e-12
s_vP	77	3891634.88035388    64705.3594884766 	 	 1.0e-12
s_vv	65	5622278.70967226    24308.6192988325 	 	 1.0e-12
vP  	10 	3891634.88035388     64705.3594884766  	 	 1.0e-12
vv  	19 	5622278.70967226     24308.6192988325  	 	 1.0e-12
